text_file3.txt: 
	Lib: 
		Md2: 0.0
		Md4: 0.0
		Md5: 0.0009999275207519531
		Sh1: 0.0
		Sh2: 0.0
		Sh5: 0.0010025501251220703
		Rmd: 0.0
		Cr3: 0.0
		Cr6: 0.04099631309509277
		Adl: 0.0
	Own: 
		Md2: 0.5750069618225098
		Md4: 0.08099746704101562
		Md5: 0.13899874687194824
		Sh1: 0.19800043106079102
		Sh2: 0.38199758529663086
		Sh5: 0.256000280380249
		Rmd: 0.36200475692749023
		Cr3: 0.021002769470214844
		Cr6: 0.020989656448364258
		Adl: 0.017000675201416016
