text_file2.txt: 
	Lib: 
		Md2: 0.0
		Md4: 0.0
		Md5: 0.0
		Sh1: 0.0
		Sh2: 0.0
		Sh5: 0.0
		Rmd: 0.0
		Cr3: 0.0
		Cr6: 0.0059947967529296875
		Adl: 0.0
	Own: 
		Md2: 0.0769948959350586
		Md4: 0.008005857467651367
		Md5: 0.01499485969543457
		Sh1: 0.020000219345092773
		Sh2: 0.037999868392944336
		Sh5: 0.025999784469604492
		Rmd: 0.05300021171569824
		Cr3: 0.004004001617431641
		Cr6: 0.0029952526092529297
		Adl: 0.003010988235473633
