text_file7.txt: 
	Lib: 
		Md2: 0.0
		Md4: 0.07900333404541016
		Md5: 0.05999422073364258
		Sh1: 0.07100343704223633
		Sh2: 0.10099911689758301
		Sh5: 0.2190079689025879
		Rmd: 0.1109914779663086
		Cr3: 0.024997949600219727
		Cr6: 17.26917815208435
		Adl: 0.01800060272216797
	Own: 
		Md2: 245.89111614227295
		Md4: 33.78499889373779
		Md5: 56.551440715789795
		Sh1: 76.44912600517273
		Sh2: 304.66718435287476
		Sh5: 776.1752233505249
		Rmd: 1575.9279072284698
		Cr3: 7.9479217529296875
		Cr6: 8.57765793800354
		Adl: 6.823627948760986
