text_file3.txt: 
	Lib: 
		Md2: 0.0
		Md4: 0.0
		Md5: 0.0
		Sh1: 0.0
		Sh2: 0.0010004043579101562
		Sh5: 0.00099945068359375
		Rmd: 0.0
		Cr3: 0.0
		Cr6: 0.046997785568237305
		Adl: 0.0
	Own: 
		Md2: 0.7549972534179688
		Md4: 0.09701156616210938
		Md5: 0.1449882984161377
		Sh1: 0.22400379180908203
		Sh2: 0.4419980049133301
		Sh5: 0.2609975337982178
		Rmd: 0.32000136375427246
		Cr3: 0.015999555587768555
		Cr6: 0.01600193977355957
		Adl: 0.019997596740722656
