text_file6.txt: 
	Lib: 
		Md2: 0.0
		Md4: 0.014995813369750977
		Md5: 0.021999597549438477
		Sh1: 0.034999847412109375
		Sh2: 0.04800009727478027
		Sh5: 0.11100339889526367
		Rmd: 0.05600404739379883
		Cr3: 0.011993885040283203
		Cr6: 7.83950662612915
		Adl: 0.008000850677490234
	Own: 
		Md2: 113.3711609840393
		Md4: 16.294036149978638
		Md5: 27.013004064559937
		Sh1: 37.5760178565979
		Sh2: 148.3850758075714
		Sh5: 198.9435751438141
		Rmd: 350.2906401157379
		Cr3: 3.0179998874664307
		Cr6: 3.105999708175659
		Adl: 3.582002639770508
