text_file7.txt: 
	Lib: 
		Md2: 0.0
		Md4: 0.03199625015258789
		Md5: 0.0449984073638916
		Sh1: 0.06999993324279785
		Sh2: 0.0970001220703125
		Sh5: 0.21799993515014648
		Rmd: 0.10899996757507324
		Cr3: 0.025005817413330078
		Cr6: 15.689995527267456
		Adl: 0.016000032424926758
	Own: 
		Md2: 227.34703540802002
		Md4: 31.23951482772827
		Md5: 53.05600452423096
		Sh1: 74.50903391838074
		Sh2: 304.13991832733154
		Sh5: 748.7084283828735
		Rmd: 1453.8857991695404
		Cr3: 6.7470009326934814
		Cr6: 6.829003095626831
		Adl: 7.597998380661011
