text_file4.txt: 
	Lib: 
		Md2: 0.0
		Md4: 0.001997709274291992
		Md5: 0.0019981861114501953
		Sh1: 0.0040013790130615234
		Sh2: 0.004998445510864258
		Sh5: 0.008998870849609375
		Rmd: 0.005001544952392578
		Cr3: 0.0010027885437011719
		Cr6: 0.6459956169128418
		Adl: 0.0
	Own: 
		Md2: 9.463000297546387
		Md4: 1.3385255336761475
		Md5: 2.251995086669922
		Sh1: 3.2629964351654053
		Sh2: 13.385005474090576
		Sh5: 4.862994432449341
		Rmd: 6.421016216278076
		Cr3: 0.25100278854370117
		Cr6: 0.23998212814331055
		Adl: 0.2709991931915283
