text_file4.txt: 
	Lib: 
		Md2: 0.0
		Md4: 0.0019969940185546875
		Md5: 0.0019991397857666016
		Sh1: 0.004003047943115234
		Sh2: 0.006003856658935547
		Sh5: 0.009996891021728516
		Rmd: 0.00500035285949707
		Cr3: 0.001001596450805664
		Cr6: 0.6219961643218994
		Adl: 0.0
	Own: 
		Md2: 9.966023921966553
		Md4: 1.3319778442382812
		Md5: 2.4299986362457275
		Sh1: 3.0500001907348633
		Sh2: 12.184020757675171
		Sh5: 5.065000295639038
		Rmd: 6.921977758407593
		Cr3: 0.25300097465515137
		Cr6: 0.27699995040893555
		Adl: 0.27100157737731934
