text_file5.txt: 
	Lib: 
		Md2: 0.0
		Md4: 0.005995512008666992
		Md5: 0.006998538970947266
		Sh1: 0.012000799179077148
		Sh2: 0.01599907875061035
		Sh5: 0.03599905967712402
		Rmd: 0.01800060272216797
		Cr3: 0.0040013790130615234
		Cr6: 2.4880006313323975
		Adl: 0.003006458282470703
	Own: 
		Md2: 37.6659255027771
		Md4: 5.349015951156616
		Md5: 8.83098554611206
		Sh1: 12.333999633789062
		Sh2: 49.98775887489319
		Sh5: 33.35455775260925
		Rmd: 49.54052472114563
		Cr3: 1.0079944133758545
		Cr6: 0.981999397277832
		Adl: 1.1780028343200684
