text_file1.txt: 
	Lib: 
		Md2: 0.0
		Md4: 0.0
		Md5: 0.0
		Sh1: 0.0
		Sh2: 0.0
		Sh5: 0.0
		Rmd: 0.0
		Cr3: 0.0
		Cr6: 0.0
		Adl: 0.0
	Own: 
		Md2: 0.0
		Md4: 0.0
		Md5: 0.0010216236114501953
		Sh1: 0.0
		Sh2: 0.0009808540344238281
		Sh5: 0.0010001659393310547
		Rmd: 0.0
		Cr3: 0.0
		Cr6: 0.0
		Adl: 0.0
