text_file2.txt: 
	Lib: 
		Md2: 0.0
		Md4: 0.0
		Md5: 0.0
		Sh1: 0.0
		Sh2: 0.0
		Sh5: 0.0
		Rmd: 0.0
		Cr3: 0.0
		Cr6: 0.003993034362792969
		Adl: 0.0
	Own: 
		Md2: 0.05700349807739258
		Md4: 0.009000062942504883
		Md5: 0.015008211135864258
		Sh1: 0.019993305206298828
		Sh2: 0.04800248146057129
		Sh5: 0.038008689880371094
		Rmd: 0.039990901947021484
		Cr3: 0.0030007362365722656
		Cr6: 0.0029959678649902344
		Adl: 0.0020003318786621094
