text_file6.txt: 
	Lib: 
		Md2: 0.0
		Md4: 0.01700115203857422
		Md5: 0.023993730545043945
		Sh1: 0.03599977493286133
		Sh2: 0.06099987030029297
		Sh5: 0.17101335525512695
		Rmd: 0.0559844970703125
		Cr3: 0.013001680374145508
		Cr6: 8.660009145736694
		Adl: 0.01000833511352539
	Own: 
		Md2: 116.63698315620422
		Md4: 15.993002653121948
		Md5: 28.01699686050415
		Sh1: 37.88553261756897
		Sh2: 149.75459599494934
		Sh5: 213.90954518318176
		Rmd: 358.90545558929443
		Cr3: 3.284001350402832
		Cr6: 3.2930009365081787
		Adl: 3.671684980392456
