text_file5.txt: 
	Lib: 
		Md2: 0.0
		Md4: 0.00599980354309082
		Md5: 0.00800013542175293
		Sh1: 0.012000083923339844
		Sh2: 0.016000032424926758
		Sh5: 0.037000417709350586
		Rmd: 0.018999338150024414
		Cr3: 0.004003286361694336
		Cr6: 2.5439982414245605
		Adl: 0.0029997825622558594
	Own: 
		Md2: 40.121002197265625
		Md4: 5.524996757507324
		Md5: 9.719005107879639
		Sh1: 12.734994649887085
		Sh2: 48.74300503730774
		Sh5: 34.36499571800232
		Rmd: 52.48952555656433
		Cr3: 1.119999885559082
		Cr6: 1.1129977703094482
		Adl: 1.263009786605835
